Degree: 1
0.8540519276160503
0.8431603773584906
0.8525943396226415

Degree: 2
0.8556254917387883
0.8466981132075472
0.8537735849056604

Degree: 3
0.8634933123524784
0.8372641509433962
0.8490566037735849

Degree: 4
0.8693941778127459
0.8596698113207547
0.8301886792452831

Degree: 5
0.8709677419354839
0.8301886792452831
0.8514150943396226

Degree: 6
0.8337264150943396
0.8372641509433962

Degree: 7
0.8882769472856019
0.8231132075471698
0.8313679245283019

Degree: 8
0.8882769472856019
0.8325471698113207
0.8325471698113207